(1.0, (45, 25), None)
(1.0, (44, 25), (45, 25))
(1.0, (45, 26), (45, 25))
(1.0, (46, 25), (45, 25))
(1.4142135623730951, (45, 24), (45, 25))
(1.4142135623730951, (44, 26), (45, 25))
(1.4142135623730951, (46, 26), (45, 25))
(1.4142135623730951, (46, 24), (45, 25))
(2.0, (44, 24), (45, 25))
(2.0, (43, 25), (44, 25))
(2.0, (45, 27), (45, 26))
(2.0, (47, 25), (46, 25))
(2.414213562373095, (45, 23), (45, 24))
(2.414213562373095, (43, 26), (44, 25))
(2.414213562373095, (43, 24), (44, 25))
(2.414213562373095, (44, 27), (45, 26))
(2.414213562373095, (46, 27), (45, 26))
(2.414213562373095, (47, 26), (46, 25))
(2.414213562373095, (47, 24), (46, 25))
(2.414213562373095, (46, 23), (45, 24))
(2.8284271247461903, (44, 23), (45, 24))
(2.8284271247461903, (43, 27), (44, 26))
(2.8284271247461903, (47, 27), (46, 26))
(2.8284271247461903, (47, 23), (46, 24))
(3.0, (43, 23), (44, 24))
(3.0, (42, 25), (43, 25))
(3.0, (45, 28), (45, 27))
(3.0, (48, 25), (47, 25))
(3.414213562373095, (45, 22), (45, 23))
(3.414213562373095, (42, 26), (43, 25))
(3.414213562373095, (42, 24), (43, 25))
(3.414213562373095, (44, 28), (45, 27))
(3.414213562373095, (46, 28), (45, 27))
(3.414213562373095, (48, 26), (47, 25))
(3.414213562373095, (48, 24), (47, 25))
(3.414213562373095, (46, 22), (45, 23))
(3.82842712474619, (44, 22), (45, 23))
(3.82842712474619, (42, 27), (43, 26))
(3.82842712474619, (42, 23), (43, 24))
(3.82842712474619, (43, 28), (44, 27))
(3.82842712474619, (47, 28), (46, 27))
(3.82842712474619, (48, 27), (47, 26))
(3.82842712474619, (48, 23), (47, 24))
(3.82842712474619, (47, 22), (46, 23))
(4.0, (43, 22), (44, 23))
(4.0, (41, 25), (42, 25))
(4.0, (45, 29), (45, 28))
(4.0, (49, 25), (48, 25))
(4.242640687119286, (45, 21), (45, 22))
(4.242640687119286, (42, 28), (43, 27))
(4.242640687119286, (48, 28), (47, 27))
(4.242640687119286, (48, 22), (47, 23))
(4.414213562373095, (42, 22), (43, 23))
(4.414213562373095, (41, 26), (42, 25))
(4.414213562373095, (41, 24), (42, 25))
(4.414213562373095, (44, 29), (45, 28))
(4.414213562373095, (46, 29), (45, 28))
(4.414213562373095, (49, 26), (48, 25))
(4.414213562373095, (49, 24), (48, 25))
(4.414213562373095, (46, 21), (45, 22))
(4.82842712474619, (44, 21), (45, 22))
(4.82842712474619, (41, 27), (42, 26))
(4.82842712474619, (41, 23), (42, 24))
(4.82842712474619, (43, 29), (44, 28))
(4.82842712474619, (47, 29), (46, 28))
(4.82842712474619, (49, 27), (48, 26))
(4.82842712474619, (49, 23), (48, 24))
(4.82842712474619, (47, 21), (46, 22))
(5.0, (43, 21), (44, 22))
(5.0, (40, 25), (41, 25))
(5.242640687119285, (45, 20), (45, 21))
(5.242640687119285, (41, 28), (42, 27))
(5.242640687119285, (41, 22), (42, 23))
(5.242640687119285, (42, 29), (43, 28))
(5.242640687119285, (48, 29), (47, 28))
(5.242640687119285, (49, 28), (48, 27))
(5.242640687119285, (49, 22), (48, 23))
(5.242640687119285, (48, 21), (47, 22))
(5.414213562373095, (42, 21), (43, 22))
(5.414213562373095, (40, 26), (41, 25))
(5.414213562373095, (40, 24), (41, 25))
(5.414213562373095, (46, 20), (45, 21))
(5.656854249492381, (44, 20), (45, 21))
(5.656854249492381, (41, 29), (42, 28))
(5.656854249492381, (49, 29), (48, 28))
(5.656854249492381, (49, 21), (48, 22))
(5.82842712474619, (41, 21), (42, 22))
(5.82842712474619, (40, 27), (41, 26))
(5.82842712474619, (40, 23), (41, 24))
(5.82842712474619, (47, 20), (46, 21))
(6.0, (43, 20), (44, 21))
(6.0, (39, 25), (40, 25))
(6.242640687119285, (45, 19), (45, 20))
(6.242640687119285, (40, 28), (41, 27))
(6.242640687119285, (40, 22), (41, 23))
(6.242640687119285, (48, 20), (47, 21))
(6.414213562373095, (42, 20), (43, 21))
(6.414213562373095, (39, 26), (40, 25))
(6.414213562373095, (39, 24), (40, 25))
(6.414213562373095, (46, 19), (45, 20))
(6.65685424949238, (44, 19), (45, 20))
(6.65685424949238, (40, 29), (41, 28))
(6.65685424949238, (40, 21), (41, 22))
(6.65685424949238, (49, 20), (48, 21))
(6.82842712474619, (41, 20), (42, 21))
(6.82842712474619, (39, 27), (40, 26))
(6.82842712474619, (39, 23), (40, 24))
(6.82842712474619, (47, 19), (46, 20))
(7.0, (43, 19), (44, 20))
(7.0, (38, 25), (39, 25))
(7.0710678118654755, (45, 18), (45, 19))
(7.242640687119285, (40, 20), (41, 21))
(7.242640687119285, (39, 28), (40, 27))
(7.242640687119285, (39, 22), (40, 23))
(7.242640687119285, (48, 19), (47, 20))
(7.414213562373095, (42, 19), (43, 20))
(7.414213562373095, (38, 26), (39, 25))
(7.414213562373095, (38, 24), (39, 25))
(7.414213562373095, (46, 18), (45, 19))
(7.65685424949238, (44, 18), (45, 19))
(7.65685424949238, (39, 29), (40, 28))
(7.65685424949238, (39, 21), (40, 22))
(7.65685424949238, (49, 19), (48, 20))
(7.82842712474619, (41, 19), (42, 20))
(7.82842712474619, (38, 27), (39, 26))
(7.82842712474619, (38, 23), (39, 24))
(7.82842712474619, (47, 18), (46, 19))
(8.0, (43, 18), (44, 19))
(8.0, (37, 25), (38, 25))
(8.071067811865476, (45, 17), (45, 18))
(8.071067811865476, (39, 20), (40, 21))
(8.242640687119284, (40, 19), (41, 20))
(8.242640687119284, (38, 28), (39, 28))
(8.242640687119284, (38, 22), (39, 22))
(8.242640687119284, (48, 18), (48, 19))
(8.242640687119284, (42, 18), (42, 19))
(8.242640687119284, (38, 28), (39, 28))
(8.242640687119284, (38, 22), (39, 22))
(8.242640687119284, (48, 18), (48, 19))
(8.414213562373096, (42, 18), (42, 19))
(8.414213562373096, (37, 26), (38, 25))
(8.414213562373096, (37, 24), (38, 25))
(8.414213562373096, (46, 17), (45, 18))
(8.485281374238571, (44, 17), (45, 18))
(8.65685424949238, (39, 19), (40, 20))
(8.65685424949238, (38, 29), (39, 28))
(8.65685424949238, (38, 21), (39, 22))
(8.65685424949238, (49, 18), (48, 19))
(8.82842712474619, (41, 18), (42, 19))
(8.82842712474619, (37, 27), (38, 26))
(8.82842712474619, (37, 23), (38, 24))
(8.82842712474619, (47, 17), (46, 18))
(9.0, (43, 17), (44, 18))
(9.0, (36, 25), (37, 25))
(9.071067811865476, (45, 16), (45, 17))
(9.071067811865476, (38, 20), (39, 21))
(9.242640687119284, (40, 18), (41, 19))
(9.242640687119284, (37, 28), (38, 28))
(9.242640687119284, (37, 22), (38, 22))
(9.242640687119284, (48, 17), (48, 18))
(9.242640687119284, (42, 17), (42, 18))
(9.242640687119284, (37, 28), (38, 28))
(9.242640687119284, (37, 22), (38, 22))
(9.242640687119284, (48, 17), (48, 18))
(9.414213562373096, (42, 17), (42, 18))
(9.414213562373096, (36, 26), (37, 25))
(9.414213562373096, (36, 24), (37, 25))
(9.414213562373096, (46, 16), (45, 17))
(9.485281374238571, (44, 16), (45, 17))
(9.485281374238571, (38, 19), (39, 20))
(9.65685424949238, (39, 18), (40, 19))
(9.65685424949238, (37, 29), (38, 28))
(9.65685424949238, (37, 21), (38, 22))
(9.65685424949238, (49, 17), (48, 18))
(9.82842712474619, (41, 17), (42, 18))
(9.82842712474619, (36, 27), (37, 27))
(9.82842712474619, (36, 23), (37, 23))
(9.82842712474619, (47, 16), (47, 17))
(9.82842712474619, (43, 16), (43, 17))
(9.82842712474619, (36, 27), (37, 27))
(9.82842712474619, (36, 23), (37, 23))
(9.82842712474619, (47, 16), (47, 17))
(9.899494936611667, (43, 16), (43, 17))
(10.0, (38, 18), (39, 19))
(10.0, (35, 25), (36, 25))
(10.071067811865476, (45, 15), (45, 16))
(10.071067811865476, (37, 20), (38, 21))
(10.242640687119284, (40, 17), (41, 18))
(10.242640687119284, (36, 28), (37, 28))
(10.242640687119284, (36, 22), (37, 22))
(10.242640687119284, (48, 16), (48, 17))
(10.242640687119284, (42, 16), (42, 17))
(10.242640687119284, (36, 28), (37, 28))
(10.242640687119284, (36, 22), (37, 22))
(10.242640687119284, (48, 16), (48, 17))
(10.414213562373096, (42, 16), (42, 17))
(10.414213562373096, (35, 26), (36, 25))
(10.414213562373096, (35, 24), (36, 25))
(10.414213562373096, (46, 15), (45, 16))
(10.485281374238571, (44, 15), (45, 16))
(10.485281374238571, (37, 19), (38, 20))
(10.65685424949238, (39, 17), (40, 18))
(10.65685424949238, (36, 29), (37, 28))
(10.65685424949238, (36, 21), (37, 22))
(10.65685424949238, (49, 16), (48, 17))
(10.82842712474619, (41, 16), (42, 17))
(10.82842712474619, (35, 27), (36, 27))
(10.82842712474619, (35, 23), (36, 23))
(10.82842712474619, (47, 15), (47, 16))
(10.82842712474619, (43, 15), (43, 16))
(10.82842712474619, (35, 27), (36, 27))
(10.82842712474619, (35, 23), (36, 23))
(10.82842712474619, (47, 15), (47, 16))
(10.899494936611667, (43, 15), (43, 16))
(10.899494936611667, (37, 18), (38, 19))
(11.0, (38, 17), (39, 18))
(11.0, (34, 25), (35, 25))
(11.071067811865476, (45, 14), (45, 15))
(11.071067811865476, (36, 20), (37, 21))
(11.242640687119284, (40, 16), (41, 17))
(11.242640687119284, (35, 28), (36, 28))
(11.242640687119284, (35, 22), (36, 22))
(11.242640687119284, (48, 15), (48, 16))
(11.242640687119284, (42, 15), (42, 16))
(11.242640687119284, (35, 28), (36, 28))
(11.242640687119284, (35, 22), (36, 22))
(11.242640687119284, (48, 15), (48, 16))
(11.313708498984763, (42, 15), (42, 16))
(11.414213562373096, (37, 17), (38, 18))
(11.414213562373096, (34, 26), (35, 25))
(11.414213562373096, (34, 24), (35, 25))
(11.414213562373096, (46, 14), (45, 15))
(11.485281374238571, (44, 14), (45, 15))
(11.485281374238571, (36, 19), (37, 20))
(11.65685424949238, (39, 16), (40, 17))
(11.65685424949238, (35, 29), (36, 28))
(11.65685424949238, (35, 21), (36, 22))
(11.65685424949238, (49, 15), (48, 16))
(11.82842712474619, (41, 15), (42, 16))
(11.82842712474619, (34, 27), (35, 27))
(11.82842712474619, (34, 23), (35, 23))
(11.82842712474619, (47, 14), (47, 15))
(11.82842712474619, (43, 14), (43, 15))
(11.82842712474619, (34, 27), (35, 27))
(11.82842712474619, (34, 23), (35, 23))
(11.82842712474619, (47, 14), (47, 15))
(11.899494936611667, (43, 14), (43, 15))
(11.899494936611667, (36, 18), (37, 19))
(12.0, (38, 16), (39, 17))
(12.0, (33, 25), (34, 25))
(12.071067811865476, (45, 13), (45, 14))
(12.242640687119284, (35, 20), (36, 21))
(12.242640687119284, (34, 28), (35, 28))
(12.242640687119284, (34, 22), (35, 22))
(12.242640687119284, (48, 14), (48, 15))
(12.242640687119284, (42, 14), (42, 15))
(12.242640687119284, (34, 28), (35, 28))
(12.242640687119284, (34, 22), (35, 22))
(12.242640687119284, (48, 14), (48, 15))
(12.313708498984763, (42, 14), (42, 15))
(12.313708498984763, (36, 17), (37, 18))
(12.414213562373096, (37, 16), (38, 17))
(12.414213562373096, (33, 26), (34, 25))
(12.414213562373096, (33, 24), (34, 25))
(12.414213562373096, (46, 13), (45, 14))
(12.485281374238571, (44, 13), (45, 14))
(12.485281374238571, (35, 19), (36, 20))
(12.65685424949238, (39, 15), (39, 16))
(12.65685424949238, (34, 29), (35, 28))
(12.65685424949238, (34, 21), (35, 22))
(12.65685424949238, (49, 14), (48, 15))
(12.727922061357859, (41, 14), (42, 15))
(12.82842712474619, (36, 16), (37, 17))
(12.82842712474619, (33, 27), (34, 27))
(12.82842712474619, (33, 23), (34, 23))
(12.82842712474619, (47, 13), (47, 14))
(12.82842712474619, (43, 13), (43, 14))
(12.82842712474619, (33, 27), (34, 27))
(12.82842712474619, (33, 23), (34, 23))
(12.82842712474619, (47, 13), (47, 14))
(12.899494936611667, (43, 13), (43, 14))
(12.899494936611667, (35, 18), (36, 19))
(13.0, (38, 15), (39, 16))
(13.0, (32, 25), (33, 25))
(13.071067811865476, (45, 12), (45, 13))
(13.242640687119284, (34, 20), (35, 21))
(13.242640687119284, (33, 28), (34, 28))
(13.242640687119284, (33, 22), (34, 22))
(13.242640687119284, (48, 13), (48, 14))
(13.242640687119284, (42, 13), (42, 14))
(13.242640687119284, (33, 28), (34, 28))
(13.242640687119284, (33, 22), (34, 22))
(13.242640687119284, (48, 13), (48, 14))
(13.313708498984763, (42, 13), (42, 14))
(13.313708498984763, (35, 17), (36, 18))
(13.414213562373096, (37, 15), (38, 16))
(13.414213562373096, (32, 26), (33, 25))
(13.414213562373096, (32, 24), (33, 25))
(13.414213562373096, (46, 12), (45, 13))
(13.485281374238571, (44, 12), (45, 13))
(13.485281374238571, (34, 19), (35, 20))
(13.65685424949238, (39, 14), (39, 15))
(13.65685424949238, (33, 29), (34, 28))
(13.65685424949238, (33, 21), (34, 22))
(13.65685424949238, (49, 13), (48, 14))
(13.727922061357859, (41, 13), (42, 14))
(13.727922061357859, (35, 16), (36, 17))
(13.82842712474619, (36, 15), (37, 16))
(13.82842712474619, (32, 27), (33, 27))
(13.82842712474619, (32, 23), (33, 23))
(13.82842712474619, (47, 12), (47, 13))
(13.82842712474619, (43, 12), (43, 13))
(13.82842712474619, (32, 27), (33, 27))
(13.82842712474619, (32, 23), (33, 23))
(13.82842712474619, (47, 12), (47, 13))
(13.899494936611667, (43, 12), (43, 13))
(13.899494936611667, (34, 18), (35, 19))
(14.0, (38, 14), (39, 15))
(14.0, (31, 25), (32, 25))
(14.071067811865476, (45, 11), (45, 12))
(14.142135623730955, (33, 20), (34, 21))
(14.242640687119284, (35, 15), (36, 16))
(14.242640687119284, (32, 28), (33, 28))
(14.242640687119284, (32, 22), (33, 22))
(14.242640687119284, (48, 12), (48, 13))
(14.242640687119284, (42, 12), (42, 13))
(14.242640687119284, (32, 28), (33, 28))
(14.242640687119284, (32, 22), (33, 22))
(14.242640687119284, (48, 12), (48, 13))
(14.313708498984763, (42, 12), (42, 13))
(14.313708498984763, (34, 17), (35, 18))
(14.414213562373096, (37, 14), (38, 15))
(14.414213562373096, (31, 26), (32, 25))
(14.414213562373096, (31, 24), (32, 25))
(14.414213562373096, (46, 11), (45, 12))
(14.485281374238571, (44, 11), (45, 12))
(14.485281374238571, (33, 19), (34, 20))
(14.65685424949238, (39, 13), (39, 14))
(14.65685424949238, (32, 29), (33, 28))
(14.65685424949238, (32, 21), (33, 22))
(14.65685424949238, (49, 12), (48, 13))
(14.727922061357859, (41, 12), (42, 13))
(14.727922061357859, (34, 16), (35, 17))
(14.82842712474619, (36, 14), (37, 15))
(14.82842712474619, (31, 27), (32, 27))
(14.82842712474619, (31, 23), (32, 23))
(14.82842712474619, (47, 11), (47, 12))
(14.82842712474619, (43, 11), (43, 12))
(14.82842712474619, (31, 27), (32, 27))
(14.82842712474619, (31, 23), (32, 23))
(14.82842712474619, (47, 11), (47, 12))
(14.899494936611667, (43, 11), (43, 12))
(14.899494936611667, (33, 18), (34, 19))
(15.0, (38, 13), (39, 14))
(15.071067811865476, (45, 10), (45, 11))
(15.142135623730955, (32, 20), (33, 21))
(15.142135623730955, (34, 15), (35, 16))
(15.242640687119284, (35, 14), (36, 15))
(15.242640687119284, (31, 28), (32, 28))
(15.242640687119284, (31, 22), (32, 22))
(15.242640687119284, (48, 11), (48, 12))
(15.242640687119284, (42, 11), (42, 12))
(15.242640687119284, (31, 28), (32, 28))
(15.242640687119284, (31, 22), (32, 22))
(15.242640687119284, (48, 11), (48, 12))
(15.313708498984763, (42, 11), (42, 12))
(15.313708498984763, (33, 17), (34, 18))
(15.414213562373096, (37, 13), (38, 14))
(15.414213562373096, (46, 10), (45, 11))
(15.485281374238571, (44, 10), (45, 11))
(15.485281374238571, (32, 19), (33, 20))
(15.55634918610405, (39, 12), (39, 13))
(15.65685424949238, (34, 14), (35, 15))
(15.65685424949238, (31, 29), (32, 28))
(15.65685424949238, (31, 21), (32, 22))
(15.65685424949238, (49, 11), (48, 12))
(15.727922061357859, (41, 11), (42, 12))
(15.727922061357859, (33, 16), (34, 17))
(15.82842712474619, (36, 13), (37, 14))
(15.82842712474619, (47, 10), (47, 11))
(15.82842712474619, (43, 10), (43, 11))
(15.82842712474619, (47, 10), (47, 11))
(15.899494936611667, (43, 10), (43, 11))
(15.899494936611667, (32, 18), (33, 19))
(16.0, (38, 12), (39, 13))
(16.071067811865476, (45, 9), (45, 10))
(16.142135623730955, (31, 20), (32, 21))
(16.142135623730955, (33, 15), (34, 16))
(16.242640687119284, (35, 13), (36, 14))
(16.242640687119284, (48, 10), (47, 11))
(16.313708498984763, (42, 10), (43, 11))
(16.313708498984763, (32, 17), (33, 18))
(16.414213562373096, (37, 12), (38, 13))
(16.414213562373096, (46, 9), (45, 10))
(16.48528137423857, (44, 9), (45, 10))
(16.48528137423857, (31, 19), (32, 20))
(16.55634918610405, (39, 11), (39, 12))
(16.55634918610405, (33, 14), (34, 15))
(16.65685424949238, (34, 13), (35, 14))
(16.65685424949238, (49, 10), (48, 11))
(16.72792206135786, (41, 10), (42, 11))
(16.72792206135786, (32, 16), (33, 17))
(16.82842712474619, (36, 12), (37, 13))
(16.82842712474619, (47, 9), (46, 10))
(16.899494936611667, (43, 9), (44, 10))
(16.899494936611667, (31, 18), (32, 19))
(16.970562748477146, (38, 11), (39, 12))
(17.0, (33, 13), (34, 14))
(17.142135623730955, (45, 8), (45, 9))
(17.142135623730955, (32, 15), (33, 16))
(17.242640687119284, (35, 12), (36, 13))
(17.242640687119284, (48, 9), (47, 10))
(17.313708498984763, (42, 9), (43, 10))
(17.313708498984763, (31, 17), (32, 18))
(17.414213562373096, (37, 11), (38, 12))
(17.414213562373096, (46, 8), (45, 9))
(17.48528137423857, (44, 8), (45, 9))
(17.55634918610405, (39, 10), (39, 11))
(17.55634918610405, (32, 14), (33, 15))
(17.65685424949238, (34, 12), (35, 13))
(17.65685424949238, (49, 9), (48, 10))
(17.72792206135786, (41, 9), (42, 10))
(17.72792206135786, (31, 16), (32, 17))
(17.82842712474619, (36, 11), (37, 12))
(17.82842712474619, (47, 8), (46, 9))
(17.899494936611667, (43, 8), (44, 9))
(17.970562748477146, (38, 10), (39, 11))
(17.970562748477146, (32, 13), (33, 14))
(18.0, (33, 12), (34, 13))
(18.142135623730955, (45, 7), (45, 8))
(18.142135623730955, (31, 15), (32, 16))
(18.242640687119284, (35, 11), (36, 12))
(18.242640687119284, (48, 8), (48, 9))
(18.242640687119284, (42, 8), (42, 9))
(18.242640687119284, (48, 8), (48, 9))
(18.313708498984763, (42, 8), (42, 9))
(18.384776310850242, (37, 10), (38, 11))
(18.414213562373096, (32, 12), (33, 13))
(18.414213562373096, (46, 7), (45, 8))
(18.48528137423857, (44, 7), (45, 8))
(18.55634918610405, (39, 9), (39, 10))
(18.55634918610405, (31, 14), (32, 15))
(18.65685424949238, (34, 11), (35, 12))
(18.65685424949238, (49, 8), (48, 9))
(18.72792206135786, (41, 8), (42, 9))
(18.82842712474619, (36, 10), (37, 11))
(18.82842712474619, (47, 7), (46, 8))
(18.899494936611667, (43, 7), (44, 8))
(18.970562748477146, (38, 9), (39, 10))
(18.970562748477146, (31, 13), (32, 14))
(19.0, (33, 11), (34, 12))
(19.142135623730955, (45, 6), (45, 7))
(19.242640687119284, (35, 10), (36, 11))
(19.242640687119284, (48, 7), (48, 8))
(19.242640687119284, (42, 7), (42, 8))
(19.242640687119284, (48, 7), (48, 8))
(19.313708498984763, (42, 7), (42, 8))
(19.384776310850242, (37, 9), (38, 10))
(19.384776310850242, (31, 12), (32, 13))
(19.414213562373096, (32, 11), (33, 12))
(19.414213562373096, (46, 6), (45, 7))
(19.48528137423857, (44, 6), (45, 7))
(19.55634918610405, (39, 8), (39, 9))
(19.55634918610405, (34, 10), (35, 11))
(19.65685424949238, (30, 14), (31, 14))
(19.65685424949238, (49, 7), (48, 8))
(19.72792206135786, (41, 7), (42, 8))
(19.798989873223338, (36, 9), (37, 10))
(19.82842712474619, (31, 11), (32, 12))
(19.82842712474619, (47, 6), (46, 7))
(19.899494936611667, (43, 6), (44, 7))
(19.970562748477146, (38, 8), (39, 9))
(19.970562748477146, (30, 13), (31, 14))
(20.0, (33, 10), (34, 11))
(20.142135623730955, (45, 5), (45, 6))
(20.242640687119284, (35, 9), (36, 10))
(20.242640687119284, (48, 6), (48, 7))
(20.242640687119284, (42, 6), (42, 7))
(20.242640687119284, (48, 6), (48, 7))
(20.313708498984763, (42, 6), (42, 7))
(20.384776310850242, (37, 8), (38, 9))
(20.384776310850242, (30, 12), (31, 13))
(20.414213562373096, (32, 10), (33, 11))
(20.414213562373096, (46, 5), (45, 6))
(20.48528137423857, (44, 5), (45, 6))
(20.55634918610405, (39, 7), (39, 8))
(20.55634918610405, (34, 9), (35, 10))
(20.65685424949238, (29, 14), (30, 14))
(20.65685424949238, (49, 6), (48, 7))
(20.72792206135786, (41, 6), (42, 7))
(20.798989873223338, (36, 8), (37, 9))
(20.798989873223338, (30, 11), (31, 12))
(20.82842712474619, (31, 10), (32, 11))
(20.82842712474619, (47, 5), (46, 6))
(20.899494936611667, (43, 5), (44, 6))
(20.970562748477146, (38, 7), (39, 8))
(20.970562748477146, (33, 9), (34, 10))
(21.0, (29, 13), (30, 14))
(21.142135623730955, (45, 4), (45, 5))
(21.213203435596434, (35, 8), (36, 9))
(21.242640687119284, (30, 10), (31, 11))
(21.242640687119284, (48, 5), (48, 6))
(21.242640687119284, (42, 5), (42, 6))
(21.242640687119284, (48, 5), (48, 6))
(21.313708498984763, (42, 5), (42, 6))
(21.384776310850242, (37, 7), (38, 8))
(21.384776310850242, (29, 12), (30, 13))
(21.414213562373096, (32, 9), (33, 10))
(21.414213562373096, (46, 4), (45, 5))
(21.48528137423857, (44, 4), (45, 5))
(21.55634918610405, (39, 6), (39, 7))
(21.55634918610405, (34, 8), (35, 9))
(21.55634918610405, (28, 14), (29, 14))
(21.65685424949238, (29, 15), (29, 14))
(21.65685424949238, (49, 5), (48, 6))
(21.72792206135786, (41, 5), (42, 6))
(21.798989873223338, (36, 7), (37, 8))
(21.798989873223338, (29, 11), (30, 12))
(21.82842712474619, (31, 9), (32, 10))
(21.82842712474619, (47, 4), (46, 5))
(21.899494936611667, (43, 4), (44, 5))
(21.970562748477146, (38, 6), (39, 7))
(21.970562748477146, (33, 8), (34, 9))
(21.970562748477146, (28, 15), (29, 14))
(22.0, (28, 13), (29, 14))
(22.142135623730955, (45, 3), (45, 4))
(22.213203435596434, (35, 7), (36, 8))
(22.213203435596434, (29, 10), (30, 11))
(22.242640687119284, (30, 9), (31, 10))
(22.242640687119284, (48, 4), (48, 5))
(22.242640687119284, (42, 4), (42, 5))
(22.242640687119284, (48, 4), (48, 5))
(22.313708498984763, (42, 4), (42, 5))
(22.384776310850242, (37, 6), (38, 7))
(22.384776310850242, (32, 8), (33, 9))
(22.414213562373096, (28, 12), (29, 13))
(22.414213562373096, (46, 3), (45, 4))
(22.48528137423857, (44, 3), (45, 4))
(22.55634918610405, (39, 5), (39, 6))
(22.55634918610405, (34, 7), (35, 8))
(22.55634918610405, (27, 14), (28, 14))
(22.62741699796953, (29, 16), (29, 15))
(22.65685424949238, (29, 9), (30, 10))
(22.65685424949238, (49, 4), (48, 5))
(22.72792206135786, (41, 4), (42, 5))
(22.798989873223338, (36, 6), (37, 7))
(22.798989873223338, (28, 11), (29, 12))
(22.82842712474619, (31, 8), (32, 9))
(22.82842712474619, (47, 3), (46, 4))
(22.899494936611667, (43, 3), (44, 4))
(22.970562748477146, (38, 5), (39, 6))
(22.970562748477146, (33, 7), (34, 8))
(22.970562748477146, (27, 15), (28, 14))
(22.970562748477146, (27, 13), (28, 14))
(23.0, (28, 16), (29, 15))
(23.142135623730955, (45, 2), (45, 3))
(23.213203435596434, (35, 6), (36, 7))
(23.213203435596434, (28, 10), (29, 11))
(23.242640687119284, (30, 8), (31, 9))
(23.242640687119284, (48, 3), (48, 4))
(23.242640687119284, (42, 3), (42, 4))
(23.242640687119284, (48, 3), (48, 4))
(23.313708498984763, (42, 3), (42, 4))
(23.384776310850242, (37, 5), (38, 6))
(23.384776310850242, (32, 7), (33, 8))
(23.384776310850242, (27, 16), (28, 15))
(23.414213562373096, (27, 12), (28, 13))
(23.414213562373096, (46, 2), (45, 3))
(23.48528137423857, (44, 2), (45, 3))
(23.55634918610405, (39, 4), (39, 5))
(23.55634918610405, (34, 6), (35, 7))
(23.55634918610405, (26, 14), (27, 14))
(23.62741699796953, (29, 17), (29, 16))
(23.62741699796953, (28, 9), (29, 10))
(23.65685424949238, (29, 8), (30, 9))
(23.65685424949238, (49, 3), (48, 4))
(23.72792206135786, (41, 3), (42, 4))
(23.798989873223338, (36, 5), (37, 6))
(23.798989873223338, (31, 7), (32, 8))
(23.82842712474619, (27, 11), (28, 12))
(23.82842712474619, (47, 2), (46, 3))
(23.899494936611667, (43, 2), (44, 3))
(23.970562748477146, (38, 4), (39, 5))
(23.970562748477146, (33, 6), (34, 7))
(23.970562748477146, (26, 15), (27, 14))
(23.970562748477146, (26, 13), (27, 14))
(24.0, (28, 17), (29, 16))
(24.041630560342625, (45, 1), (45, 2))
(24.142135623730955, (28, 8), (29, 9))
(24.213203435596434, (35, 5), (36, 6))
(24.213203435596434, (27, 10), (28, 11))
(24.242640687119284, (30, 7), (31, 8))
(24.242640687119284, (48, 2), (48, 3))
(24.242640687119284, (42, 2), (42, 3))
(24.242640687119284, (48, 2), (48, 3))
(24.313708498984763, (42, 2), (42, 3))
(24.384776310850242, (37, 4), (38, 5))
(24.384776310850242, (32, 6), (33, 7))
(24.384776310850242, (26, 16), (27, 15))
(24.384776310850242, (26, 12), (27, 13))
(24.414213562373096, (27, 17), (28, 16))
(24.414213562373096, (46, 1), (45, 2))
(24.48528137423857, (44, 1), (45, 2))
(24.55634918610405, (39, 3), (39, 4))
(24.55634918610405, (34, 5), (35, 6))
(24.55634918610405, (25, 14), (26, 14))
(24.62741699796953, (29, 18), (29, 17))
(24.62741699796953, (27, 9), (28, 10))
(24.65685424949238, (29, 7), (30, 8))
(24.65685424949238, (49, 2), (48, 3))
(24.72792206135786, (41, 2), (42, 3))
(24.798989873223338, (36, 4), (37, 5))
(24.798989873223338, (31, 6), (32, 7))
(24.798989873223338, (26, 17), (27, 16))
(24.82842712474619, (26, 11), (27, 12))
(24.82842712474619, (47, 1), (46, 2))
(24.899494936611667, (43, 1), (44, 2))
(24.970562748477146, (38, 3), (39, 4))
(24.970562748477146, (33, 5), (34, 6))
(24.970562748477146, (25, 15), (26, 14))
(24.970562748477146, (25, 13), (26, 14))
(25.041630560342625, (28, 18), (29, 17))
(25.041630560342625, (27, 8), (28, 9))
(25.142135623730955, (28, 7), (29, 8))
(25.213203435596434, (35, 4), (36, 5))
(25.213203435596434, (30, 6), (31, 7))
(25.242640687119284, (26, 10), (27, 11))
(25.242640687119284, (48, 1), (48, 2))
(25.242640687119284, (42, 1), (42, 2))
(25.242640687119284, (48, 1), (48, 2))
(25.313708498984763, (42, 1), (42, 2))
(25.384776310850242, (37, 3), (38, 4))
(25.384776310850242, (32, 5), (33, 6))
(25.384776310850242, (25, 16), (26, 15))
(25.384776310850242, (25, 12), (26, 13))
(25.45584412271572, (27, 18), (28, 17))
(25.48528137423857, (27, 7), (28, 8))
(25.55634918610405, (39, 2), (39, 3))
(25.55634918610405, (34, 4), (35, 5))
(25.55634918610405, (24, 14), (25, 14))
(25.62741699796953, (29, 19), (29, 18))
(25.62741699796953, (26, 9), (27, 10))
(25.65685424949238, (29, 6), (30, 7))
(25.65685424949238, (49, 1), (48, 2))
(25.72792206135786, (41, 1), (42, 2))
(25.798989873223338, (36, 3), (37, 4))
(25.798989873223338, (31, 5), (32, 6))
(25.798989873223338, (25, 17), (26, 16))
(25.798989873223338, (25, 11), (26, 12))
(25.899494936611667, (26, 18), (27, 17))
(25.970562748477146, (38, 2), (39, 3))
(25.970562748477146, (33, 4), (34, 5))
(25.970562748477146, (24, 15), (25, 14))
(25.970562748477146, (24, 13), (25, 14))
(26.041630560342625, (28, 19), (29, 18))
(26.041630560342625, (26, 8), (27, 9))
(26.142135623730955, (28, 6), (29, 7))
(26.213203435596434, (35, 3), (36, 4))
(26.213203435596434, (30, 5), (31, 6))
(26.213203435596434, (25, 18), (26, 17))
(26.313708498984763, (25, 10), (26, 11))
(26.384776310850242, (37, 2), (38, 3))
(26.384776310850242, (32, 4), (33, 5))
(26.384776310850242, (24, 16), (25, 15))
(26.384776310850242, (24, 12), (25, 13))
(26.45584412271572, (27, 19), (28, 18))
(26.45584412271572, (26, 7), (27, 8))
(26.48528137423857, (27, 6), (28, 7))
(26.55634918610405, (39, 1), (39, 2))
(26.55634918610405, (34, 3), (35, 4))
(26.55634918610405, (23, 14), (24, 14))
(26.62741699796953, (29, 20), (29, 19))
(26.62741699796953, (29, 5), (30, 6))
(26.72792206135786, (25, 9), (26, 10))
(26.798989873223338, (36, 2), (37, 3))
(26.798989873223338, (31, 4), (32, 5))
(26.798989873223338, (24, 17), (25, 16))
(26.798989873223338, (24, 11), (25, 12))
(26.870057685088817, (26, 19), (27, 18))
(26.899494936611667, (26, 6), (27, 7))
(26.970562748477146, (38, 1), (39, 2))
(26.970562748477146, (33, 3), (34, 4))
(26.970562748477146, (23, 15), (24, 14))
(26.970562748477146, (23, 13), (24, 14))
(27.041630560342625, (28, 20), (29, 19))
(27.041630560342625, (25, 8), (26, 9))
(27.142135623730955, (28, 5), (29, 6))
(27.213203435596434, (35, 2), (36, 3))
(27.213203435596434, (30, 4), (31, 5))
(27.213203435596434, (24, 18), (25, 17))
(27.213203435596434, (24, 10), (25, 11))
(27.313708498984763, (25, 19), (26, 18))
(27.384776310850242, (37, 1), (38, 2))
(27.384776310850242, (32, 3), (33, 4))
(27.384776310850242, (23, 16), (24, 15))
(27.384776310850242, (23, 12), (24, 13))
(27.45584412271572, (27, 20), (28, 19))
(27.45584412271572, (25, 7), (26, 8))
(27.55634918610405, (27, 5), (28, 6))
(27.55634918610405, (34, 2), (35, 3))
(27.55634918610405, (22, 14), (23, 14))
(27.62741699796953, (29, 21), (29, 20))
(27.62741699796953, (29, 4), (30, 5))
(27.62741699796953, (24, 19), (25, 18))
(27.72792206135786, (24, 9), (25, 10))
(27.798989873223338, (36, 1), (37, 2))
(27.798989873223338, (31, 3), (32, 4))
(27.798989873223338, (23, 17), (24, 16))
(27.798989873223338, (23, 11), (24, 12))
(27.870057685088817, (26, 20), (27, 19))
(27.870057685088817, (25, 6), (26, 7))
(27.970562748477146, (26, 5), (27, 6))
(27.970562748477146, (33, 2), (34, 3))
(27.970562748477146, (22, 15), (23, 14))
(27.970562748477146, (22, 13), (23, 14))
(28.041630560342625, (28, 21), (29, 20))
(28.041630560342625, (28, 4), (29, 5))
(28.142135623730955, (24, 8), (25, 9))
(28.213203435596434, (35, 1), (36, 2))
(28.213203435596434, (30, 3), (31, 4))
(28.213203435596434, (23, 18), (24, 17))
(28.213203435596434, (23, 10), (24, 11))
(28.284271247461913, (25, 20), (26, 19))
(28.384776310850242, (25, 5), (26, 6))
(28.384776310850242, (32, 2), (33, 3))
(28.384776310850242, (22, 16), (23, 15))
(28.384776310850242, (22, 12), (23, 13))
(28.45584412271572, (27, 21), (28, 20))
(28.45584412271572, (24, 7), (25, 8))
(28.55634918610405, (27, 4), (28, 5))
(28.55634918610405, (34, 1), (35, 2))
(28.55634918610405, (21, 14), (22, 14))
(28.62741699796953, (29, 22), (29, 21))
(28.62741699796953, (29, 3), (30, 4))
(28.62741699796953, (23, 19), (24, 18))
(28.62741699796953, (23, 9), (24, 10))
(28.798989873223338, (24, 20), (25, 19))
(28.798989873223338, (31, 2), (32, 3))
(28.798989873223338, (22, 17), (23, 16))
(28.798989873223338, (22, 11), (23, 12))
(28.870057685088817, (26, 21), (27, 20))
(28.870057685088817, (24, 6), (25, 7))
(28.970562748477146, (26, 4), (27, 5))
(28.970562748477146, (33, 1), (34, 2))
(28.970562748477146, (21, 15), (22, 14))
(28.970562748477146, (21, 13), (22, 14))
(29.041630560342625, (28, 22), (29, 21))
(29.041630560342625, (28, 3), (29, 4))
(29.041630560342625, (23, 20), (24, 19))
(29.213203435596434, (23, 8), (24, 9))
(29.213203435596434, (30, 2), (31, 3))
(29.213203435596434, (22, 18), (23, 17))
(29.213203435596434, (22, 10), (23, 11))
(29.284271247461913, (25, 21), (26, 20))
(29.284271247461913, (24, 5), (25, 6))
(29.384776310850242, (25, 4), (26, 5))
(29.384776310850242, (32, 1), (33, 2))
(29.384776310850242, (21, 16), (22, 15))
(29.384776310850242, (21, 12), (22, 13))
(29.45584412271572, (27, 22), (28, 21))
(29.45584412271572, (27, 3), (28, 4))
(29.55634918610405, (23, 7), (24, 8))
(29.62741699796953, (29, 23), (29, 22))
(29.62741699796953, (29, 2), (30, 3))
(29.62741699796953, (22, 19), (23, 18))
(29.62741699796953, (22, 9), (23, 10))
(29.69848480983501, (24, 21), (25, 20))
(29.798989873223338, (24, 4), (25, 5))
(29.798989873223338, (31, 1), (32, 2))
(29.798989873223338, (21, 17), (22, 16))
(29.798989873223338, (21, 11), (22, 12))
(29.870057685088817, (26, 22), (27, 21))
(29.870057685088817, (23, 6), (24, 7))
(29.970562748477146, (26, 3), (27, 4))
(30.041630560342625, (28, 23), (29, 22))
(30.041630560342625, (28, 2), (29, 3))
(30.041630560342625, (22, 20), (23, 19))
(30.041630560342625, (22, 8), (23, 9))
(30.213203435596434, (23, 21), (24, 20))
(30.213203435596434, (30, 1), (31, 2))
(30.213203435596434, (21, 18), (22, 17))
(30.213203435596434, (21, 10), (22, 11))
(30.284271247461913, (25, 22), (26, 21))
(30.284271247461913, (23, 5), (24, 6))
(30.384776310850242, (25, 3), (26, 4))
(30.384776310850242, (27, 23), (28, 22))
(30.45584412271572, (20, 16), (21, 16))
(30.45584412271572, (27, 2), (28, 3))
(30.45584412271572, (22, 21), (23, 20))
(30.55634918610405, (22, 7), (23, 8))
(30.62741699796953, (29, 24), (29, 23))
(30.62741699796953, (29, 1), (30, 2))
(30.62741699796953, (21, 19), (22, 18))
(30.62741699796953, (21, 9), (22, 10))
(30.69848480983501, (24, 22), (25, 21))
(30.69848480983501, (23, 4), (24, 5))
(30.798989873223338, (24, 3), (25, 4))
(30.798989873223338, (20, 17), (21, 16))
(30.870057685088817, (26, 23), (27, 22))
(30.870057685088817, (26, 2), (27, 3))
(30.970562748477146, (22, 6), (23, 7))
(31.041630560342625, (28, 24), (29, 23))
(31.041630560342625, (28, 1), (29, 2))
(31.041630560342625, (21, 20), (22, 19))
(31.041630560342625, (21, 8), (22, 9))
(31.112698372208104, (23, 22), (24, 21))
(31.213203435596434, (23, 3), (24, 4))
(31.213203435596434, (20, 18), (21, 17))
(31.284271247461913, (25, 23), (26, 22))
(31.284271247461913, (22, 5), (23, 6))
(31.384776310850242, (25, 2), (26, 3))
(31.384776310850242, (27, 24), (28, 23))
(31.45584412271572, (19, 16), (20, 16))
(31.45584412271572, (27, 1), (28, 2))
(31.45584412271572, (21, 21), (22, 20))
(31.45584412271572, (21, 7), (22, 8))
(31.55634918610405, (22, 22), (23, 21))
(31.62741699796953, (29, 25), (29, 24))
(31.62741699796953, (20, 19), (21, 18))
(31.69848480983501, (24, 23), (25, 22))
(31.69848480983501, (22, 4), (23, 5))
(31.798989873223338, (24, 2), (25, 3))
(31.798989873223338, (26, 24), (27, 23))
(31.870057685088817, (19, 17), (20, 16))
(31.870057685088817, (26, 1), (27, 2))
(31.870057685088817, (21, 22), (22, 21))
(31.970562748477146, (21, 6), (22, 7))
(32.041630560342625, (28, 25), (29, 24))
(32.041630560342625, (20, 20), (21, 19))
(32.1126983722081, (23, 23), (24, 22))
(32.1126983722081, (22, 3), (23, 4))
(32.213203435596434, (23, 2), (24, 3))
(32.213203435596434, (19, 18), (20, 17))
(32.28427124746191, (25, 24), (26, 23))
(32.28427124746191, (25, 1), (26, 2))
(32.38477631085024, (21, 5), (22, 6))
(32.38477631085024, (27, 25), (28, 24))
(32.45584412271572, (18, 16), (19, 16))
(32.45584412271572, (20, 21), (21, 20))
(32.5269119345812, (22, 23), (23, 22))
(32.55634918610405, (22, 2), (23, 3))
(32.627416997969526, (29, 26), (29, 25))
(32.627416997969526, (19, 19), (20, 18))
(32.69848480983501, (24, 24), (25, 23))
(32.69848480983501, (21, 4), (22, 5))
(32.798989873223334, (24, 1), (25, 2))
(32.798989873223334, (26, 25), (27, 24))
(32.87005768508882, (18, 17), (19, 16))
(32.87005768508882, (20, 22), (21, 21))
(32.97056274847714, (21, 23), (22, 22))
(33.041630560342625, (28, 26), (29, 25))
(33.041630560342625, (19, 20), (20, 19))
(33.1126983722081, (23, 24), (24, 23))
(33.1126983722081, (21, 3), (22, 4))
(33.213203435596434, (23, 1), (24, 2))
(33.213203435596434, (25, 25), (26, 24))
(33.28427124746191, (18, 18), (19, 17))
(33.38477631085024, (20, 23), (21, 22))
(33.38477631085024, (27, 26), (28, 25))
(33.45584412271572, (17, 16), (18, 16))
(33.45584412271572, (19, 21), (20, 20))
(33.52691193458119, (22, 24), (23, 23))
(33.52691193458119, (21, 2), (22, 3))
(33.55634918610405, (22, 1), (23, 2))
(33.627416997969526, (29, 27), (29, 26))
(33.627416997969526, (18, 19), (19, 18))
(33.798989873223334, (24, 25), (25, 24))
(33.798989873223334, (26, 26), (27, 25))
(33.87005768508881, (17, 17), (18, 16))
(33.87005768508881, (19, 22), (20, 21))
(33.94112549695429, (21, 24), (22, 23))
(33.97056274847714, (21, 1), (22, 2))
(34.04163056034262, (28, 27), (29, 26))
(34.04163056034262, (18, 20), (19, 19))
(34.21320343559643, (23, 25), (24, 24))
(34.21320343559643, (25, 26), (26, 25))
(34.28427124746191, (17, 18), (18, 17))
(34.28427124746191, (19, 23), (20, 22))
(34.384776310850235, (20, 24), (21, 23))
(34.38477631085024, (27, 27), (28, 26))
(34.45584412271572, (16, 16), (17, 16))
(34.45584412271572, (18, 21), (19, 20))
(34.55634918610405, (22, 25), (23, 24))
(34.627416997969526, (29, 28), (29, 27))
(34.627416997969526, (24, 26), (25, 25))
(34.698484809835, (17, 19), (18, 18))
(34.798989873223334, (19, 24), (20, 23))
(34.798989873223334, (26, 27), (27, 26))
(34.87005768508881, (16, 17), (17, 16))
(34.87005768508881, (18, 22), (19, 21))
(34.97056274847714, (21, 25), (22, 24))
(35.04163056034262, (28, 28), (29, 27))
(35.04163056034262, (17, 20), (18, 19))
(35.21320343559643, (23, 26), (24, 25))
(35.21320343559643, (25, 27), (26, 26))
(35.2842712474619, (16, 18), (17, 17))
(35.2842712474619, (18, 23), (19, 22))
(35.384776310850235, (20, 25), (21, 24))
(35.38477631085024, (27, 28), (28, 27))
(35.45584412271571, (15, 16), (16, 16))
(35.45584412271571, (17, 21), (18, 20))
(35.55634918610405, (22, 26), (23, 25))
(35.62741699796952, (29, 29), (29, 28))
(35.62741699796952, (24, 27), (25, 26))
(35.698484809835, (16, 19), (17, 18))
(35.698484809835, (18, 24), (19, 23))
(35.79898987322333, (19, 25), (20, 24))
(35.798989873223334, (26, 28), (27, 27))
(35.87005768508881, (15, 17), (16, 16))
(35.87005768508881, (17, 22), (18, 21))
(35.97056274847714, (21, 26), (22, 25))
(36.04163056034262, (28, 29), (29, 28))
(36.04163056034262, (23, 27), (24, 26))
(36.112698372208094, (16, 20), (17, 19))
(36.21320343559643, (18, 25), (19, 24))
(36.21320343559643, (25, 28), (26, 27))
(36.2842712474619, (15, 18), (16, 17))
(36.2842712474619, (17, 23), (18, 22))
(36.384776310850235, (20, 26), (21, 25))
(36.38477631085024, (27, 29), (28, 28))
(36.45584412271571, (14, 16), (15, 16))
(36.45584412271571, (16, 21), (17, 20))
(36.62741699796952, (22, 27), (23, 26))
(36.62741699796952, (24, 28), (25, 27))
(36.698484809834994, (15, 19), (16, 18))
(36.698484809834994, (17, 24), (18, 23))
(36.79898987322333, (19, 26), (20, 25))
(36.798989873223334, (26, 29), (27, 28))
(36.8700576850888, (14, 17), (15, 16))
(36.8700576850888, (16, 22), (17, 21))
(37.04163056034261, (21, 27), (22, 26))
(37.04163056034261, (23, 28), (24, 27))
(37.112698372208094, (15, 20), (16, 19))
(37.112698372208094, (17, 25), (18, 24))
(37.21320343559642, (18, 26), (19, 25))
(37.21320343559643, (25, 29), (26, 28))
(37.2842712474619, (14, 18), (15, 17))
(37.2842712474619, (16, 23), (17, 22))
(37.38477631085024, (20, 27), (21, 26))
(37.45584412271571, (13, 16), (14, 16))
(37.45584412271571, (22, 28), (23, 27))
(37.526911934581186, (15, 21), (16, 20))
(37.62741699796952, (17, 26), (18, 25))
(37.62741699796952, (24, 29), (25, 28))
(37.698484809834994, (14, 19), (15, 18))
(37.698484809834994, (16, 24), (17, 23))
(37.798989873223334, (19, 27), (20, 26))
(37.8700576850888, (13, 17), (14, 16))
(37.8700576850888, (15, 22), (16, 21))
(38.04163056034261, (21, 28), (22, 27))
(38.04163056034261, (23, 29), (24, 28))
(38.11269837220809, (14, 20), (15, 19))
(38.11269837220809, (16, 25), (17, 24))
(38.21320343559643, (18, 27), (19, 26))
(38.284271247461895, (13, 18), (14, 17))
(38.284271247461895, (15, 23), (16, 22))
(38.38477631085024, (20, 28), (21, 27))
(38.4558441227157, (12, 16), (13, 16))
(38.4558441227157, (22, 29), (23, 28))
(38.526911934581186, (14, 21), (15, 20))
(38.526911934581186, (16, 26), (17, 25))
(38.62741699796952, (17, 27), (18, 26))
(38.698484809834994, (13, 19), (14, 18))
(38.698484809834994, (15, 24), (16, 23))
(38.798989873223334, (19, 28), (20, 27))
(38.8700576850888, (12, 17), (13, 16))
(38.8700576850888, (21, 29), (22, 28))
(38.94112549695428, (14, 22), (15, 21))
(39.04163056034261, (16, 27), (17, 26))
(39.11269837220809, (13, 20), (14, 19))
(39.11269837220809, (15, 25), (16, 24))
(39.21320343559643, (18, 28), (19, 27))
(39.284271247461895, (12, 18), (13, 17))
(39.284271247461895, (14, 23), (15, 22))
(39.38477631085024, (20, 29), (21, 28))
(39.4558441227157, (11, 16), (12, 16))
(39.52691193458118, (13, 21), (14, 20))
(39.52691193458118, (15, 26), (16, 25))
(39.62741699796952, (17, 28), (18, 27))
(39.69848480983499, (12, 19), (13, 18))
(39.69848480983499, (14, 24), (15, 23))
(39.798989873223334, (19, 29), (20, 28))
(39.870057685088796, (11, 17), (12, 16))
(39.94112549695428, (13, 22), (14, 21))
(39.94112549695428, (15, 27), (16, 26))
(40.04163056034261, (16, 28), (17, 27))
(40.11269837220809, (12, 20), (13, 19))
(40.11269837220809, (14, 25), (15, 24))
(40.21320343559643, (18, 29), (19, 28))
(40.284271247461895, (11, 18), (12, 17))
(40.35533905932737, (13, 23), (14, 22))
(40.38477631085024, (15, 28), (16, 27))
(40.4558441227157, (10, 16), (11, 16))
(40.52691193458118, (12, 21), (13, 20))
(40.52691193458118, (14, 26), (15, 25))
(40.62741699796952, (17, 29), (18, 28))
(40.69848480983499, (11, 19), (12, 18))
(40.798989873223334, (13, 24), (14, 23))
(40.870057685088796, (10, 17), (11, 16))
(40.94112549695427, (12, 22), (13, 21))
(40.94112549695427, (14, 27), (15, 26))
(41.04163056034261, (16, 29), (17, 28))
(41.11269837220808, (11, 20), (12, 19))
(41.21320343559643, (13, 25), (14, 24))
(41.28427124746189, (10, 18), (11, 17))
(41.35533905932737, (12, 23), (13, 22))
(41.35533905932737, (14, 28), (15, 27))
(41.38477631085024, (15, 29), (16, 28))
(41.4558441227157, (9, 16), (10, 16))
(41.52691193458118, (11, 21), (12, 20))
(41.62741699796952, (13, 26), (14, 25))
(41.69848480983499, (10, 19), (11, 18))
(41.76955262170046, (12, 24), (13, 23))
(41.798989873223334, (14, 29), (15, 28))
(41.870057685088796, (9, 17), (10, 16))
(41.94112549695427, (11, 22), (12, 21))
(42.04163056034261, (13, 27), (14, 26))
(42.11269837220808, (10, 20), (11, 19))
(42.21320343559643, (12, 25), (13, 24))
(42.28427124746189, (9, 18), (10, 17))
(42.35533905932736, (11, 23), (12, 22))
(42.38477631085024, (13, 28), (14, 27))
(42.38477631085024, (8, 16), (9, 16))
(42.4558441227157, (9, 15), (9, 16))
(42.52691193458117, (10, 21), (11, 20))
(42.62741699796952, (12, 26), (13, 25))
(42.69848480983498, (9, 19), (10, 18))
(42.76955262170046, (11, 24), (12, 23))
(42.798989873223334, (13, 29), (14, 28))
(42.798989873223334, (8, 17), (9, 16))
(42.870057685088796, (8, 15), (9, 16))
(42.94112549695427, (10, 22), (11, 21))
(43.04163056034261, (12, 27), (13, 26))
(43.11269837220808, (9, 20), (10, 19))
(43.21320343559643, (11, 25), (12, 24))
(43.28427124746189, (8, 18), (9, 17))
(43.35533905932736, (10, 23), (11, 22))
(43.38477631085024, (12, 28), (13, 27))
(43.38477631085024, (7, 16), (8, 16))
(43.4558441227157, (9, 14), (9, 15))
(43.52691193458117, (9, 21), (10, 20))
(43.62741699796952, (11, 26), (12, 25))
(43.69848480983498, (8, 19), (9, 18))
(43.769552621700456, (10, 24), (11, 23))
(43.798989873223334, (12, 29), (13, 28))
(43.798989873223334, (7, 17), (8, 16))
(43.798989873223334, (7, 15), (8, 16))
(43.870057685088796, (8, 14), (9, 15))
(43.941125496954264, (9, 22), (10, 21))
(44.04163056034261, (11, 27), (12, 26))
(44.11269837220807, (8, 20), (9, 19))
(44.21320343559643, (10, 25), (11, 24))
(44.21320343559643, (7, 18), (8, 17))
(44.28427124746189, (7, 14), (8, 15))
(44.35533905932736, (9, 23), (10, 22))
(44.38477631085024, (11, 28), (12, 27))
(44.38477631085024, (6, 16), (7, 16))
(44.38477631085024, (10, 14), (9, 14))
(44.4558441227157, (9, 13), (9, 14))
(44.52691193458117, (8, 21), (9, 20))
(44.62741699796952, (10, 26), (11, 25))
(44.69848480983498, (7, 19), (8, 18))
(44.769552621700456, (9, 24), (10, 23))
(44.798989873223334, (11, 29), (12, 28))
(44.798989873223334, (6, 17), (7, 16))
(44.798989873223334, (6, 15), (7, 16))
(44.798989873223334, (10, 13), (9, 14))
(44.870057685088796, (8, 13), (9, 14))
(44.941125496954264, (8, 22), (9, 21))
(45.04163056034261, (10, 27), (11, 26))
(45.11269837220807, (7, 20), (8, 19))
(45.21320343559643, (9, 25), (10, 24))
(45.21320343559643, (6, 18), (7, 17))
(45.21320343559643, (6, 14), (7, 15))
(45.28427124746189, (7, 13), (8, 14))
(45.355339059327356, (8, 23), (9, 22))
(45.38477631085024, (10, 28), (11, 27))
(45.38477631085024, (5, 16), (6, 16))
(45.38477631085024, (11, 14), (10, 14))
(45.4558441227157, (9, 12), (9, 13))
(45.526911934581165, (7, 21), (8, 20))
(45.62741699796952, (9, 26), (10, 25))
(45.62741699796952, (6, 19), (7, 18))
(45.69848480983498, (6, 13), (7, 14))
(45.769552621700456, (8, 24), (9, 23))
(45.798989873223334, (10, 29), (11, 28))
(45.798989873223334, (5, 17), (6, 16))
(45.798989873223334, (5, 15), (6, 16))
(45.798989873223334, (11, 13), (10, 14))
(45.798989873223334, (10, 12), (9, 13))
(45.870057685088796, (8, 12), (9, 13))
(45.941125496954264, (7, 22), (8, 21))
(46.04163056034261, (9, 27), (10, 26))
(46.11269837220807, (6, 20), (7, 19))
(46.21320343559643, (8, 25), (9, 24))
(46.21320343559643, (5, 18), (6, 17))
(46.21320343559643, (5, 14), (6, 15))
(46.21320343559643, (11, 12), (10, 13))
(46.28427124746189, (7, 12), (8, 13))
(46.355339059327356, (7, 23), (8, 22))
(46.38477631085024, (9, 28), (10, 27))
(46.38477631085024, (4, 16), (5, 16))
(46.38477631085024, (12, 14), (11, 14))
(46.4558441227157, (9, 11), (9, 12))
(46.526911934581165, (6, 21), (7, 20))
(46.62741699796952, (8, 26), (9, 25))
(46.62741699796952, (5, 19), (6, 18))
(46.62741699796952, (5, 13), (6, 14))
(46.69848480983498, (6, 12), (7, 13))
(46.76955262170045, (7, 24), (8, 23))
(46.798989873223334, (9, 29), (10, 28))
(46.798989873223334, (4, 17), (5, 16))
(46.798989873223334, (4, 15), (5, 16))
(46.798989873223334, (12, 13), (11, 14))
(46.798989873223334, (10, 11), (9, 12))
(46.870057685088796, (8, 11), (9, 12))
(46.94112549695426, (6, 22), (7, 21))
(47.04163056034261, (8, 27), (9, 26))
(47.04163056034261, (5, 20), (6, 19))
(47.11269837220807, (5, 12), (6, 13))
(47.21320343559643, (7, 25), (8, 24))
(47.21320343559643, (4, 18), (5, 17))
(47.21320343559643, (4, 14), (5, 15))
(47.21320343559643, (12, 12), (11, 13))
(47.21320343559643, (11, 11), (10, 12))
(47.28427124746189, (7, 11), (8, 12))
(47.355339059327356, (6, 23), (7, 22))
(47.38477631085024, (8, 28), (9, 27))
(47.38477631085024, (3, 16), (4, 16))
(47.38477631085024, (13, 14), (12, 14))
(47.4558441227157, (9, 10), (9, 11))
(47.526911934581165, (5, 21), (6, 20))
(47.62741699796952, (7, 26), (8, 25))
(47.62741699796952, (4, 19), (5, 18))
(47.62741699796952, (4, 13), (5, 14))
(47.62741699796952, (12, 11), (11, 12))
(47.69848480983498, (6, 11), (7, 12))
(47.76955262170045, (6, 24), (7, 23))
(47.798989873223334, (8, 29), (9, 28))
(47.798989873223334, (3, 17), (4, 16))
(47.798989873223334, (3, 15), (4, 16))
(47.798989873223334, (13, 13), (12, 14))
(47.798989873223334, (10, 10), (9, 11))
(47.870057685088796, (8, 10), (9, 11))
(47.94112549695426, (5, 22), (6, 21))
(48.04163056034261, (7, 27), (8, 26))
(48.04163056034261, (4, 20), (5, 19))
(48.04163056034261, (4, 12), (5, 13))
(48.11269837220807, (5, 11), (6, 12))
(48.21320343559643, (6, 25), (7, 24))
(48.21320343559643, (3, 18), (4, 17))
(48.21320343559643, (3, 14), (4, 15))
(48.21320343559643, (13, 12), (12, 13))
(48.21320343559643, (11, 10), (10, 11))
(48.28427124746189, (7, 10), (8, 11))
(48.35533905932735, (5, 23), (6, 22))
(48.38477631085024, (7, 28), (8, 27))
(48.38477631085024, (2, 16), (3, 16))
(48.38477631085024, (14, 14), (13, 14))
(48.4558441227157, (9, 9), (9, 10))
(48.4558441227157, (4, 21), (5, 20))
(48.526911934581165, (4, 11), (5, 12))
(48.62741699796952, (6, 26), (7, 25))
(48.62741699796952, (3, 19), (4, 18))
(48.62741699796952, (3, 13), (4, 14))
(48.62741699796952, (13, 11), (12, 12))
(48.62741699796952, (12, 10), (11, 11))
(48.69848480983498, (6, 10), (7, 11))
(48.76955262170045, (5, 24), (6, 23))
(48.798989873223334, (7, 29), (8, 28))
(48.798989873223334, (2, 17), (3, 16))
(48.798989873223334, (2, 15), (3, 16))
(48.798989873223334, (14, 13), (13, 14))
(48.798989873223334, (10, 9), (9, 10))
(48.870057685088796, (8, 9), (9, 10))
(48.94112549695426, (4, 22), (5, 21))
(49.04163056034261, (6, 27), (7, 26))
(49.04163056034261, (3, 20), (4, 19))
(49.04163056034261, (3, 12), (4, 13))
(49.04163056034261, (13, 10), (12, 11))
(49.11269837220807, (5, 10), (6, 11))
(49.21320343559643, (5, 25), (6, 24))
(49.21320343559643, (2, 18), (3, 17))
(49.21320343559643, (2, 14), (3, 15))
(49.21320343559643, (14, 12), (13, 13))
(49.21320343559643, (11, 9), (10, 10))
(49.28427124746189, (7, 9), (8, 10))
(49.35533905932735, (4, 23), (5, 22))
(49.38477631085024, (6, 28), (7, 27))
(49.38477631085024, (1, 16), (2, 16))
(49.38477631085024, (15, 14), (14, 14))
(49.4558441227157, (9, 8), (9, 9))
(49.4558441227157, (3, 21), (4, 20))
(49.4558441227157, (3, 11), (4, 12))
(49.526911934581165, (4, 10), (5, 11))
(49.62741699796952, (5, 26), (6, 25))
(49.62741699796952, (2, 19), (3, 18))
(49.62741699796952, (2, 13), (3, 14))
(49.62741699796952, (14, 11), (13, 12))
(49.62741699796952, (12, 9), (11, 10))
(49.69848480983498, (6, 9), (7, 10))
(49.76955262170044, (4, 24), (5, 23))
(49.798989873223334, (6, 29), (7, 28))
(49.798989873223334, (1, 17), (2, 16))
(49.798989873223334, (1, 15), (2, 16))
(49.798989873223334, (15, 13), (14, 14))
(49.798989873223334, (10, 8), (9, 9))
(49.870057685088796, (8, 8), (9, 9))
(49.870057685088796, (3, 22), (4, 21))
(49.94112549695426, (3, 10), (4, 11))
(50.04163056034261, (5, 27), (6, 26))
(50.04163056034261, (2, 20), (3, 19))
(50.04163056034261, (2, 12), (3, 13))
(50.04163056034261, (14, 10), (13, 11))
(50.04163056034261, (13, 9), (12, 10))
(50.11269837220807, (5, 9), (6, 10))
(50.21320343559643, (4, 25), (5, 24))
(50.21320343559643, (1, 18), (2, 17))
(50.21320343559643, (1, 14), (2, 15))
(50.21320343559643, (15, 12), (14, 13))
(50.21320343559643, (11, 8), (10, 9))
(50.28427124746189, (7, 8), (8, 9))
(50.35533905932735, (3, 23), (4, 22))
(50.38477631085024, (5, 28), (6, 27))
(50.38477631085024, (16, 14), (15, 14))
(50.4558441227157, (9, 7), (9, 8))
(50.4558441227157, (2, 21), (3, 20))
(50.4558441227157, (2, 11), (3, 12))
(50.4558441227157, (14, 9), (13, 10))
(50.526911934581165, (4, 9), (5, 10))
(50.62741699796952, (4, 26), (5, 25))
(50.62741699796952, (1, 19), (2, 18))
(50.62741699796952, (1, 13), (2, 14))
(50.62741699796952, (15, 11), (14, 12))
(50.62741699796952, (12, 8), (11, 9))
(50.69848480983498, (6, 8), (7, 9))
(50.76955262170044, (3, 24), (4, 23))
(50.798989873223334, (5, 29), (6, 28))
(50.798989873223334, (16, 13), (15, 14))
(50.798989873223334, (10, 7), (9, 8))
(50.870057685088796, (8, 7), (9, 8))
(50.870057685088796, (2, 22), (3, 21))
(50.870057685088796, (2, 10), (3, 11))
(50.94112549695426, (3, 9), (4, 10))
(51.04163056034261, (4, 27), (5, 26))
(51.04163056034261, (1, 20), (2, 19))
(51.04163056034261, (1, 12), (2, 13))
(51.04163056034261, (15, 10), (14, 11))
(51.04163056034261, (13, 8), (12, 9))
(51.11269837220807, (5, 8), (6, 9))
(51.21320343559643, (3, 25), (4, 24))
(51.21320343559643, (16, 12), (15, 13))
(51.21320343559643, (11, 7), (10, 8))
(51.28427124746189, (7, 7), (8, 8))
(51.28427124746189, (2, 23), (3, 22))
(51.35533905932735, (2, 9), (3, 10))
(51.38477631085024, (4, 28), (5, 27))
(51.38477631085024, (17, 14), (16, 14))
(51.4558441227157, (9, 6), (9, 7))
(51.4558441227157, (1, 21), (2, 20))
(51.4558441227157, (1, 11), (2, 12))
(51.4558441227157, (15, 9), (14, 10))
(51.4558441227157, (14, 8), (13, 9))
(51.526911934581165, (4, 8), (5, 9))
(51.62741699796952, (3, 26), (4, 25))
(51.62741699796952, (16, 11), (15, 12))
(51.62741699796952, (12, 7), (11, 8))
(51.69848480983498, (6, 7), (7, 8))
(51.76955262170044, (2, 24), (3, 23))
(51.798989873223334, (4, 29), (5, 28))
(51.798989873223334, (17, 13), (16, 14))
(51.798989873223334, (10, 6), (9, 7))
(51.870057685088796, (8, 6), (9, 7))
(51.870057685088796, (1, 22), (2, 21))
(51.870057685088796, (1, 10), (2, 11))
(51.870057685088796, (15, 8), (14, 9))
(51.94112549695426, (3, 8), (4, 9))
(52.04163056034261, (3, 27), (4, 26))
(52.04163056034261, (16, 10), (15, 11))
(52.04163056034261, (13, 7), (12, 8))
(52.11269837220807, (5, 7), (6, 8))
(52.21320343559643, (2, 25), (3, 24))
(52.21320343559643, (17, 12), (16, 13))
(52.21320343559643, (11, 6), (10, 7))
(52.28427124746189, (7, 6), (8, 7))
(52.28427124746189, (1, 23), (2, 22))
(52.28427124746189, (1, 9), (2, 10))
(52.35533905932735, (2, 8), (3, 9))
(52.38477631085024, (3, 28), (4, 27))
(52.38477631085024, (18, 14), (17, 14))
(52.4558441227157, (9, 5), (9, 6))
(52.4558441227157, (16, 9), (15, 10))
(52.4558441227157, (14, 7), (13, 8))
(52.526911934581165, (4, 7), (5, 8))
(52.62741699796952, (2, 26), (3, 25))
(52.62741699796952, (17, 11), (16, 12))
(52.62741699796952, (12, 6), (11, 7))
(52.69848480983498, (6, 6), (7, 7))
(52.69848480983498, (1, 24), (2, 23))
(52.76955262170044, (1, 8), (2, 9))
(52.798989873223334, (3, 29), (4, 28))
(52.798989873223334, (18, 13), (17, 14))
(52.798989873223334, (10, 5), (9, 6))
(52.870057685088796, (8, 5), (9, 6))
(52.870057685088796, (16, 8), (15, 9))
(52.870057685088796, (15, 7), (14, 8))
(52.94112549695426, (3, 7), (4, 8))
(53.04163056034261, (2, 27), (3, 26))
(53.04163056034261, (17, 10), (16, 11))
(53.04163056034261, (13, 6), (12, 7))
(53.11269837220807, (5, 6), (6, 7))
(53.21320343559643, (1, 25), (2, 24))
(53.21320343559643, (18, 12), (17, 13))
(53.21320343559643, (11, 5), (10, 6))
(53.28427124746189, (7, 5), (8, 6))
(53.28427124746189, (16, 7), (15, 8))
(53.35533905932735, (2, 7), (3, 8))
(53.38477631085024, (2, 28), (3, 27))
(53.38477631085024, (19, 14), (18, 14))
(53.4558441227157, (9, 4), (9, 5))
(53.4558441227157, (17, 9), (16, 10))
(53.4558441227157, (14, 6), (13, 7))
(53.526911934581165, (4, 6), (5, 7))
(53.62741699796952, (1, 26), (2, 25))
(53.62741699796952, (18, 11), (17, 12))
(53.62741699796952, (12, 5), (11, 6))
(53.69848480983498, (6, 5), (7, 6))
(53.76955262170044, (1, 7), (2, 8))
(53.798989873223334, (2, 29), (3, 28))
(53.798989873223334, (19, 13), (18, 14))
(53.798989873223334, (10, 4), (9, 5))
(53.870057685088796, (8, 4), (9, 5))
(53.870057685088796, (17, 8), (16, 9))
(53.870057685088796, (15, 6), (14, 7))
(53.94112549695426, (3, 6), (4, 7))
(54.04163056034261, (1, 27), (2, 26))
(54.04163056034261, (18, 10), (17, 11))
(54.04163056034261, (13, 5), (12, 6))
(54.21320343559643, (5, 5), (6, 6))
